(kicad_pcb (version 20171130) (host pcbnew "(5.1.5)-3")

  (general
    (thickness 1.6)
    (drawings 11)
    (tracks 73)
    (zones 0)
    (modules 10)
    (nets 10)
  )

  (page A4)
  (title_block
    (title "3.5mm Jack Riser Board")
    (date 2020-05-24)
    (rev v0.1)
    (company "Philipp Schilk")
    (comment 1 https://github.com/TheSchilk)
  )

  (layers
    (0 F.Cu signal)
    (31 B.Cu signal)
    (32 B.Adhes user)
    (33 F.Adhes user)
    (34 B.Paste user)
    (35 F.Paste user)
    (36 B.SilkS user)
    (37 F.SilkS user)
    (38 B.Mask user)
    (39 F.Mask user)
    (40 Dwgs.User user)
    (41 Cmts.User user)
    (42 Eco1.User user)
    (43 Eco2.User user)
    (44 Edge.Cuts user)
    (45 Margin user)
    (46 B.CrtYd user)
    (47 F.CrtYd user)
    (48 B.Fab user hide)
    (49 F.Fab user hide)
  )

  (setup
    (last_trace_width 0.25)
    (trace_clearance 0.2)
    (zone_clearance 0.508)
    (zone_45_only no)
    (trace_min 0.2)
    (via_size 0.8)
    (via_drill 0.4)
    (via_min_size 0.4)
    (via_min_drill 0.3)
    (uvia_size 0.3)
    (uvia_drill 0.1)
    (uvias_allowed no)
    (uvia_min_size 0.2)
    (uvia_min_drill 0.1)
    (edge_width 0.05)
    (segment_width 0.2)
    (pcb_text_width 0.3)
    (pcb_text_size 1.5 1.5)
    (mod_edge_width 0.12)
    (mod_text_size 1 1)
    (mod_text_width 0.15)
    (pad_size 1.524 1.524)
    (pad_drill 0.762)
    (pad_to_mask_clearance 0.051)
    (solder_mask_min_width 0.25)
    (aux_axis_origin 157.48 97.155)
    (visible_elements 7FFFFFFF)
    (pcbplotparams
      (layerselection 0x010f8_7fffffff)
      (usegerberextensions false)
      (usegerberattributes false)
      (usegerberadvancedattributes false)
      (creategerberjobfile false)
      (excludeedgelayer true)
      (linewidth 0.100000)
      (plotframeref false)
      (viasonmask false)
      (mode 1)
      (useauxorigin false)
      (hpglpennumber 1)
      (hpglpenspeed 20)
      (hpglpendiameter 15.000000)
      (psnegative false)
      (psa4output false)
      (plotreference true)
      (plotvalue true)
      (plotinvisibletext false)
      (padsonsilk false)
      (subtractmaskfromsilk false)
      (outputformat 1)
      (mirror false)
      (drillshape 0)
      (scaleselection 1)
      (outputdirectory "Gerber/"))
  )

  (net 0 "")
  (net 1 "Net-(J2-PadS)")
  (net 2 "Net-(J2-PadT)")
  (net 3 "Net-(J2-PadR)")
  (net 4 /T_R)
  (net 5 /B_R)
  (net 6 /T_S)
  (net 7 /B_S)
  (net 8 /T_T)
  (net 9 /B_T)

  (net_class Default "This is the default net class."
    (clearance 0.2)
    (trace_width 0.25)
    (via_dia 0.8)
    (via_drill 0.4)
    (uvia_dia 0.3)
    (uvia_drill 0.1)
    (add_net /B_R)
    (add_net /B_S)
    (add_net /B_T)
    (add_net /T_R)
    (add_net /T_S)
    (add_net /T_T)
    (add_net "Net-(J2-PadR)")
    (add_net "Net-(J2-PadS)")
    (add_net "Net-(J2-PadT)")
  )

  (module Jack_3.5mm_PJ-313D-6A:PJ-313D-6A (layer F.Cu) (tedit 5EC196AC) (tstamp 5EC1821D)
    (at 128.905 92.075 90)
    (path /5EC1880E)
    (fp_text reference J2 (at -4 8.5) (layer F.SilkS)
      (effects (font (size 1 1) (thickness 0.15)))
    )
    (fp_text value AudioJack3 (at 0 -5 90) (layer F.Fab)
      (effects (font (size 1 1) (thickness 0.15)))
    )
    (fp_line (start 3 9) (end 0 9) (layer F.SilkS) (width 0.12))
    (fp_line (start 3 9) (end 3 -2.5) (layer F.CrtYd) (width 0.12))
    (fp_line (start 3 3.75) (end 3 4.75) (layer F.SilkS) (width 0.12))
    (fp_line (start 3 4.75) (end 3 4) (layer F.SilkS) (width 0.12))
    (fp_line (start 3 4) (end 3 3.5) (layer F.SilkS) (width 0.12))
    (fp_line (start 3 -1.75) (end 3 -2.25) (layer F.SilkS) (width 0.12))
    (fp_line (start 3 0.25) (end 3 1.5) (layer F.SilkS) (width 0.12))
    (fp_line (start 3 6.75) (end 3 9) (layer F.SilkS) (width 0.12))
    (fp_line (start -3 9) (end 0 9) (layer F.SilkS) (width 0.12))
    (fp_line (start -3 6.75) (end -3 9) (layer F.SilkS) (width 0.12))
    (fp_line (start -3 4) (end -3 3.5) (layer F.SilkS) (width 0.12))
    (fp_line (start -3 4.75) (end -3 4) (layer F.SilkS) (width 0.12))
    (fp_line (start -3 3.75) (end -3 4.75) (layer F.SilkS) (width 0.12))
    (fp_line (start -3 0.25) (end -3 1.5) (layer F.SilkS) (width 0.12))
    (fp_line (start -3 -1.75) (end -3 -2.25) (layer F.SilkS) (width 0.12))
    (fp_line (start -3 9) (end -3 -2.5) (layer F.CrtYd) (width 0.12))
    (fp_line (start 3 9) (end -3 9) (layer F.CrtYd) (width 0.12))
    (fp_line (start -3 -2.5) (end 3 -2.5) (layer F.CrtYd) (width 0.12))
    (pad T smd rect (at 3.25 5.7 90) (size 1.5 1.5) (layers F.Cu F.Paste F.Mask)
      (net 2 "Net-(J2-PadT)"))
    (pad T smd rect (at -3.25 5.7 90) (size 1.5 1.5) (layers F.Cu F.Paste F.Mask)
      (net 2 "Net-(J2-PadT)"))
    (pad R smd rect (at 3.25 2.5 90) (size 1.5 1.5) (layers F.Cu F.Paste F.Mask)
      (net 3 "Net-(J2-PadR)"))
    (pad R smd rect (at -3.25 2.5 90) (size 1.5 1.5) (layers F.Cu F.Paste F.Mask)
      (net 3 "Net-(J2-PadR)"))
    (pad S smd rect (at 3.25 -0.7 90) (size 1.5 1.5) (layers F.Cu F.Paste F.Mask)
      (net 1 "Net-(J2-PadS)"))
    (pad S smd rect (at -3.25 -0.7 90) (size 1.5 1.5) (layers F.Cu F.Paste F.Mask)
      (net 1 "Net-(J2-PadS)"))
    (pad "" np_thru_hole circle (at 0 6 90) (size 1.5 1.5) (drill 1.5) (layers *.Cu *.Mask))
    (pad "" np_thru_hole circle (at 0 0 90) (size 1.5 1.5) (drill 1.5) (layers *.Cu *.Mask))
  )

  (module MountingHole:MountingHole_3.2mm_M3 (layer F.Cu) (tedit 56D1B4CB) (tstamp 5E79DA16)
    (at 141.605 92.075)
    (descr "Mounting Hole 3.2mm, no annular, M3")
    (tags "mounting hole 3.2mm no annular m3")
    (path /5E7B407B)
    (attr virtual)
    (fp_text reference H1 (at -2.54 2.54) (layer F.SilkS) hide
      (effects (font (size 1 1) (thickness 0.15)))
    )
    (fp_text value "Mount 1" (at 0 4.2) (layer F.Fab)
      (effects (font (size 1 1) (thickness 0.15)))
    )
    (fp_text user %R (at -0.427001 0.660999) (layer F.Fab)
      (effects (font (size 1 1) (thickness 0.15)))
    )
    (fp_circle (center 0 0) (end 3.2 0) (layer Cmts.User) (width 0.15))
    (fp_circle (center 0 0) (end 3.45 0) (layer F.CrtYd) (width 0.05))
    (pad 1 np_thru_hole circle (at 0 0) (size 3.2 3.2) (drill 3.2) (layers *.Cu *.Mask))
  )

  (module Connector_PinHeader_2.54mm:PinHeader_2x03_P2.54mm_Vertical (layer F.Cu) (tedit 59FED5CC) (tstamp 5EC18A1C)
    (at 149.86 94.615 90)
    (descr "Through hole straight pin header, 2x03, 2.54mm pitch, double rows")
    (tags "Through hole pin header THT 2x03 2.54mm double row")
    (path /5E7D7B01)
    (fp_text reference J1 (at 0.635 -2.54 90) (layer F.SilkS) hide
      (effects (font (size 1 1) (thickness 0.15)))
    )
    (fp_text value BUS1 (at 1.27 7.41 90) (layer F.Fab)
      (effects (font (size 1 1) (thickness 0.15)))
    )
    (fp_line (start 0 -1.27) (end 3.81 -1.27) (layer F.Fab) (width 0.1))
    (fp_line (start 3.81 -1.27) (end 3.81 6.35) (layer F.Fab) (width 0.1))
    (fp_line (start 3.81 6.35) (end -1.27 6.35) (layer F.Fab) (width 0.1))
    (fp_line (start -1.27 6.35) (end -1.27 0) (layer F.Fab) (width 0.1))
    (fp_line (start -1.27 0) (end 0 -1.27) (layer F.Fab) (width 0.1))
    (fp_line (start -1.33 6.41) (end 3.87 6.41) (layer F.SilkS) (width 0.12))
    (fp_line (start -1.33 1.27) (end -1.33 6.41) (layer F.SilkS) (width 0.12))
    (fp_line (start 3.87 -1.33) (end 3.87 6.41) (layer F.SilkS) (width 0.12))
    (fp_line (start -1.33 1.27) (end 1.27 1.27) (layer F.SilkS) (width 0.12))
    (fp_line (start 1.27 1.27) (end 1.27 -1.33) (layer F.SilkS) (width 0.12))
    (fp_line (start 1.27 -1.33) (end 3.87 -1.33) (layer F.SilkS) (width 0.12))
    (fp_line (start -1.33 0) (end -1.33 -1.33) (layer F.SilkS) (width 0.12))
    (fp_line (start -1.33 -1.33) (end 0 -1.33) (layer F.SilkS) (width 0.12))
    (fp_line (start -1.8 -1.8) (end -1.8 6.85) (layer F.CrtYd) (width 0.05))
    (fp_line (start -1.8 6.85) (end 4.35 6.85) (layer F.CrtYd) (width 0.05))
    (fp_line (start 4.35 6.85) (end 4.35 -1.8) (layer F.CrtYd) (width 0.05))
    (fp_line (start 4.35 -1.8) (end -1.8 -1.8) (layer F.CrtYd) (width 0.05))
    (fp_text user %R (at 1.27 2.54) (layer F.Fab)
      (effects (font (size 1 1) (thickness 0.15)))
    )
    (pad 1 thru_hole rect (at 0 0 90) (size 1.7 1.7) (drill 1) (layers *.Cu *.Mask)
      (net 6 /T_S))
    (pad 2 thru_hole oval (at 2.54 0 90) (size 1.7 1.7) (drill 1) (layers *.Cu *.Mask)
      (net 6 /T_S))
    (pad 3 thru_hole oval (at 0 2.54 90) (size 1.7 1.7) (drill 1) (layers *.Cu *.Mask)
      (net 4 /T_R))
    (pad 4 thru_hole oval (at 2.54 2.54 90) (size 1.7 1.7) (drill 1) (layers *.Cu *.Mask)
      (net 4 /T_R))
    (pad 5 thru_hole oval (at 0 5.08 90) (size 1.7 1.7) (drill 1) (layers *.Cu *.Mask)
      (net 8 /T_T))
    (pad 6 thru_hole oval (at 2.54 5.08 90) (size 1.7 1.7) (drill 1) (layers *.Cu *.Mask)
      (net 8 /T_T))
    (model ${KISYS3DMOD}/Connector_PinHeader_2.54mm.3dshapes/PinHeader_1x03_P2.54mm_Vertical.wrl
      (offset (xyz 2.54 0 0))
      (scale (xyz 1 1 1))
      (rotate (xyz 0 0 0))
    )
  )

  (module Connector_PinHeader_2.54mm:PinHeader_2x03_P2.54mm_Vertical (layer F.Cu) (tedit 59FED5CC) (tstamp 5EC1F477)
    (at 149.86 88.265 90)
    (descr "Through hole straight pin header, 2x03, 2.54mm pitch, double rows")
    (tags "Through hole pin header THT 2x03 2.54mm double row")
    (path /5E7D83AA)
    (fp_text reference J3 (at -2.54 -2.54 90) (layer F.SilkS) hide
      (effects (font (size 1 1) (thickness 0.15)))
    )
    (fp_text value BUS2 (at 1.27 7.41 90) (layer F.Fab)
      (effects (font (size 1 1) (thickness 0.15)))
    )
    (fp_text user %R (at 1.27 2.54) (layer F.Fab)
      (effects (font (size 1 1) (thickness 0.15)))
    )
    (fp_line (start 4.35 -1.8) (end -1.8 -1.8) (layer F.CrtYd) (width 0.05))
    (fp_line (start 4.35 6.85) (end 4.35 -1.8) (layer F.CrtYd) (width 0.05))
    (fp_line (start -1.8 6.85) (end 4.35 6.85) (layer F.CrtYd) (width 0.05))
    (fp_line (start -1.8 -1.8) (end -1.8 6.85) (layer F.CrtYd) (width 0.05))
    (fp_line (start -1.33 -1.33) (end 0 -1.33) (layer F.SilkS) (width 0.12))
    (fp_line (start -1.33 0) (end -1.33 -1.33) (layer F.SilkS) (width 0.12))
    (fp_line (start 1.27 -1.33) (end 3.87 -1.33) (layer F.SilkS) (width 0.12))
    (fp_line (start 1.27 1.27) (end 1.27 -1.33) (layer F.SilkS) (width 0.12))
    (fp_line (start -1.33 1.27) (end 1.27 1.27) (layer F.SilkS) (width 0.12))
    (fp_line (start 3.87 -1.33) (end 3.87 6.41) (layer F.SilkS) (width 0.12))
    (fp_line (start -1.33 1.27) (end -1.33 6.41) (layer F.SilkS) (width 0.12))
    (fp_line (start -1.33 6.41) (end 3.87 6.41) (layer F.SilkS) (width 0.12))
    (fp_line (start -1.27 0) (end 0 -1.27) (layer F.Fab) (width 0.1))
    (fp_line (start -1.27 6.35) (end -1.27 0) (layer F.Fab) (width 0.1))
    (fp_line (start 3.81 6.35) (end -1.27 6.35) (layer F.Fab) (width 0.1))
    (fp_line (start 3.81 -1.27) (end 3.81 6.35) (layer F.Fab) (width 0.1))
    (fp_line (start 0 -1.27) (end 3.81 -1.27) (layer F.Fab) (width 0.1))
    (pad 6 thru_hole oval (at 2.54 5.08 90) (size 1.7 1.7) (drill 1) (layers *.Cu *.Mask)
      (net 9 /B_T))
    (pad 5 thru_hole oval (at 0 5.08 90) (size 1.7 1.7) (drill 1) (layers *.Cu *.Mask)
      (net 9 /B_T))
    (pad 4 thru_hole oval (at 2.54 2.54 90) (size 1.7 1.7) (drill 1) (layers *.Cu *.Mask)
      (net 5 /B_R))
    (pad 3 thru_hole oval (at 0 2.54 90) (size 1.7 1.7) (drill 1) (layers *.Cu *.Mask)
      (net 5 /B_R))
    (pad 2 thru_hole oval (at 2.54 0 90) (size 1.7 1.7) (drill 1) (layers *.Cu *.Mask)
      (net 7 /B_S))
    (pad 1 thru_hole rect (at 0 0 90) (size 1.7 1.7) (drill 1) (layers *.Cu *.Mask)
      (net 7 /B_S))
    (model ${KISYS3DMOD}/Connector_PinHeader_2.54mm.3dshapes/PinHeader_1x03_P2.54mm_Vertical.wrl
      (at (xyz 0 0 0))
      (scale (xyz 1 1 1))
      (rotate (xyz 0 0 0))
    )
  )

  (module Resistor_SMD:R_0603_1608Metric (layer F.Cu) (tedit 5B301BBD) (tstamp 5EC184E4)
    (at 145.288 85.471 270)
    (descr "Resistor SMD 0603 (1608 Metric), square (rectangular) end terminal, IPC_7351 nominal, (Body size source: http://www.tortai-tech.com/upload/download/2011102023233369053.pdf), generated with kicad-footprint-generator")
    (tags resistor)
    (path /5E7C1BD8)
    (attr smd)
    (fp_text reference JP1 (at 0 1.905 90) (layer F.SilkS) hide
      (effects (font (size 1 1) (thickness 0.15)))
    )
    (fp_text value G_T (at 0 1.43 90) (layer F.Fab)
      (effects (font (size 1 1) (thickness 0.15)))
    )
    (fp_line (start -0.8 0.4) (end -0.8 -0.4) (layer F.Fab) (width 0.1))
    (fp_line (start -0.8 -0.4) (end 0.8 -0.4) (layer F.Fab) (width 0.1))
    (fp_line (start 0.8 -0.4) (end 0.8 0.4) (layer F.Fab) (width 0.1))
    (fp_line (start 0.8 0.4) (end -0.8 0.4) (layer F.Fab) (width 0.1))
    (fp_line (start -0.162779 -0.51) (end 0.162779 -0.51) (layer F.SilkS) (width 0.12))
    (fp_line (start -0.162779 0.51) (end 0.162779 0.51) (layer F.SilkS) (width 0.12))
    (fp_line (start -1.48 0.73) (end -1.48 -0.73) (layer F.CrtYd) (width 0.05))
    (fp_line (start -1.48 -0.73) (end 1.48 -0.73) (layer F.CrtYd) (width 0.05))
    (fp_line (start 1.48 -0.73) (end 1.48 0.73) (layer F.CrtYd) (width 0.05))
    (fp_line (start 1.48 0.73) (end -1.48 0.73) (layer F.CrtYd) (width 0.05))
    (fp_text user %R (at 0 0 90) (layer F.Fab)
      (effects (font (size 0.4 0.4) (thickness 0.06)))
    )
    (pad 1 smd roundrect (at -0.7875 0 270) (size 0.875 0.95) (layers F.Cu F.Paste F.Mask) (roundrect_rratio 0.25)
      (net 6 /T_S))
    (pad 2 smd roundrect (at 0.7875 0 270) (size 0.875 0.95) (layers F.Cu F.Paste F.Mask) (roundrect_rratio 0.25)
      (net 1 "Net-(J2-PadS)"))
    (model ${KISYS3DMOD}/Resistor_SMD.3dshapes/R_0603_1608Metric.wrl
      (at (xyz 0 0 0))
      (scale (xyz 1 1 1))
      (rotate (xyz 0 0 0))
    )
  )

  (module Resistor_SMD:R_0603_1608Metric (layer F.Cu) (tedit 5B301BBD) (tstamp 5E79DA9A)
    (at 143.51 85.471 90)
    (descr "Resistor SMD 0603 (1608 Metric), square (rectangular) end terminal, IPC_7351 nominal, (Body size source: http://www.tortai-tech.com/upload/download/2011102023233369053.pdf), generated with kicad-footprint-generator")
    (tags resistor)
    (path /5E7C23FE)
    (attr smd)
    (fp_text reference JP2 (at 0 1.905 90) (layer F.SilkS) hide
      (effects (font (size 1 1) (thickness 0.15)))
    )
    (fp_text value G_B (at 0 1.43 90) (layer F.Fab)
      (effects (font (size 1 1) (thickness 0.15)))
    )
    (fp_text user %R (at 0 0 90) (layer F.Fab)
      (effects (font (size 0.4 0.4) (thickness 0.06)))
    )
    (fp_line (start 1.48 0.73) (end -1.48 0.73) (layer F.CrtYd) (width 0.05))
    (fp_line (start 1.48 -0.73) (end 1.48 0.73) (layer F.CrtYd) (width 0.05))
    (fp_line (start -1.48 -0.73) (end 1.48 -0.73) (layer F.CrtYd) (width 0.05))
    (fp_line (start -1.48 0.73) (end -1.48 -0.73) (layer F.CrtYd) (width 0.05))
    (fp_line (start -0.162779 0.51) (end 0.162779 0.51) (layer F.SilkS) (width 0.12))
    (fp_line (start -0.162779 -0.51) (end 0.162779 -0.51) (layer F.SilkS) (width 0.12))
    (fp_line (start 0.8 0.4) (end -0.8 0.4) (layer F.Fab) (width 0.1))
    (fp_line (start 0.8 -0.4) (end 0.8 0.4) (layer F.Fab) (width 0.1))
    (fp_line (start -0.8 -0.4) (end 0.8 -0.4) (layer F.Fab) (width 0.1))
    (fp_line (start -0.8 0.4) (end -0.8 -0.4) (layer F.Fab) (width 0.1))
    (pad 2 smd roundrect (at 0.7875 0 90) (size 0.875 0.95) (layers F.Cu F.Paste F.Mask) (roundrect_rratio 0.25)
      (net 7 /B_S))
    (pad 1 smd roundrect (at -0.7875 0 90) (size 0.875 0.95) (layers F.Cu F.Paste F.Mask) (roundrect_rratio 0.25)
      (net 1 "Net-(J2-PadS)"))
    (model ${KISYS3DMOD}/Resistor_SMD.3dshapes/R_0603_1608Metric.wrl
      (at (xyz 0 0 0))
      (scale (xyz 1 1 1))
      (rotate (xyz 0 0 0))
    )
  )

  (module Resistor_SMD:R_0603_1608Metric (layer F.Cu) (tedit 5B301BBD) (tstamp 5E79DAAB)
    (at 147.066 94.996 90)
    (descr "Resistor SMD 0603 (1608 Metric), square (rectangular) end terminal, IPC_7351 nominal, (Body size source: http://www.tortai-tech.com/upload/download/2011102023233369053.pdf), generated with kicad-footprint-generator")
    (tags resistor)
    (path /5E7C4C9C)
    (attr smd)
    (fp_text reference JP3 (at 0 -1.43 90) (layer F.SilkS) hide
      (effects (font (size 1 1) (thickness 0.15)))
    )
    (fp_text value L_T (at 0 1.43 90) (layer F.Fab)
      (effects (font (size 1 1) (thickness 0.15)))
    )
    (fp_line (start -0.8 0.4) (end -0.8 -0.4) (layer F.Fab) (width 0.1))
    (fp_line (start -0.8 -0.4) (end 0.8 -0.4) (layer F.Fab) (width 0.1))
    (fp_line (start 0.8 -0.4) (end 0.8 0.4) (layer F.Fab) (width 0.1))
    (fp_line (start 0.8 0.4) (end -0.8 0.4) (layer F.Fab) (width 0.1))
    (fp_line (start -0.162779 -0.51) (end 0.162779 -0.51) (layer F.SilkS) (width 0.12))
    (fp_line (start -0.162779 0.51) (end 0.162779 0.51) (layer F.SilkS) (width 0.12))
    (fp_line (start -1.48 0.73) (end -1.48 -0.73) (layer F.CrtYd) (width 0.05))
    (fp_line (start -1.48 -0.73) (end 1.48 -0.73) (layer F.CrtYd) (width 0.05))
    (fp_line (start 1.48 -0.73) (end 1.48 0.73) (layer F.CrtYd) (width 0.05))
    (fp_line (start 1.48 0.73) (end -1.48 0.73) (layer F.CrtYd) (width 0.05))
    (fp_text user %R (at 0 0 90) (layer F.Fab)
      (effects (font (size 0.4 0.4) (thickness 0.06)))
    )
    (pad 1 smd roundrect (at -0.7875 0 90) (size 0.875 0.95) (layers F.Cu F.Paste F.Mask) (roundrect_rratio 0.25)
      (net 8 /T_T))
    (pad 2 smd roundrect (at 0.7875 0 90) (size 0.875 0.95) (layers F.Cu F.Paste F.Mask) (roundrect_rratio 0.25)
      (net 2 "Net-(J2-PadT)"))
    (model ${KISYS3DMOD}/Resistor_SMD.3dshapes/R_0603_1608Metric.wrl
      (at (xyz 0 0 0))
      (scale (xyz 1 1 1))
      (rotate (xyz 0 0 0))
    )
  )

  (module Resistor_SMD:R_0603_1608Metric (layer F.Cu) (tedit 5B301BBD) (tstamp 5E79DABC)
    (at 147.066 91.821 90)
    (descr "Resistor SMD 0603 (1608 Metric), square (rectangular) end terminal, IPC_7351 nominal, (Body size source: http://www.tortai-tech.com/upload/download/2011102023233369053.pdf), generated with kicad-footprint-generator")
    (tags resistor)
    (path /5E7C4CA2)
    (attr smd)
    (fp_text reference JP4 (at 0 -1.43 90) (layer F.SilkS) hide
      (effects (font (size 1 1) (thickness 0.15)))
    )
    (fp_text value L_B (at 0 1.43 90) (layer F.Fab)
      (effects (font (size 1 1) (thickness 0.15)))
    )
    (fp_text user %R (at 0 0 90) (layer F.Fab)
      (effects (font (size 0.4 0.4) (thickness 0.06)))
    )
    (fp_line (start 1.48 0.73) (end -1.48 0.73) (layer F.CrtYd) (width 0.05))
    (fp_line (start 1.48 -0.73) (end 1.48 0.73) (layer F.CrtYd) (width 0.05))
    (fp_line (start -1.48 -0.73) (end 1.48 -0.73) (layer F.CrtYd) (width 0.05))
    (fp_line (start -1.48 0.73) (end -1.48 -0.73) (layer F.CrtYd) (width 0.05))
    (fp_line (start -0.162779 0.51) (end 0.162779 0.51) (layer F.SilkS) (width 0.12))
    (fp_line (start -0.162779 -0.51) (end 0.162779 -0.51) (layer F.SilkS) (width 0.12))
    (fp_line (start 0.8 0.4) (end -0.8 0.4) (layer F.Fab) (width 0.1))
    (fp_line (start 0.8 -0.4) (end 0.8 0.4) (layer F.Fab) (width 0.1))
    (fp_line (start -0.8 -0.4) (end 0.8 -0.4) (layer F.Fab) (width 0.1))
    (fp_line (start -0.8 0.4) (end -0.8 -0.4) (layer F.Fab) (width 0.1))
    (pad 2 smd roundrect (at 0.7875 0 90) (size 0.875 0.95) (layers F.Cu F.Paste F.Mask) (roundrect_rratio 0.25)
      (net 9 /B_T))
    (pad 1 smd roundrect (at -0.7875 0 90) (size 0.875 0.95) (layers F.Cu F.Paste F.Mask) (roundrect_rratio 0.25)
      (net 2 "Net-(J2-PadT)"))
    (model ${KISYS3DMOD}/Resistor_SMD.3dshapes/R_0603_1608Metric.wrl
      (at (xyz 0 0 0))
      (scale (xyz 1 1 1))
      (rotate (xyz 0 0 0))
    )
  )

  (module Resistor_SMD:R_0603_1608Metric (layer F.Cu) (tedit 5B301BBD) (tstamp 5E79DACD)
    (at 147.066 88.646 90)
    (descr "Resistor SMD 0603 (1608 Metric), square (rectangular) end terminal, IPC_7351 nominal, (Body size source: http://www.tortai-tech.com/upload/download/2011102023233369053.pdf), generated with kicad-footprint-generator")
    (tags resistor)
    (path /5E7C8F61)
    (attr smd)
    (fp_text reference JP5 (at 0 -1.43 90) (layer F.SilkS) hide
      (effects (font (size 1 1) (thickness 0.15)))
    )
    (fp_text value R_T (at 0 1.43 90) (layer F.Fab)
      (effects (font (size 1 1) (thickness 0.15)))
    )
    (fp_line (start -0.8 0.4) (end -0.8 -0.4) (layer F.Fab) (width 0.1))
    (fp_line (start -0.8 -0.4) (end 0.8 -0.4) (layer F.Fab) (width 0.1))
    (fp_line (start 0.8 -0.4) (end 0.8 0.4) (layer F.Fab) (width 0.1))
    (fp_line (start 0.8 0.4) (end -0.8 0.4) (layer F.Fab) (width 0.1))
    (fp_line (start -0.162779 -0.51) (end 0.162779 -0.51) (layer F.SilkS) (width 0.12))
    (fp_line (start -0.162779 0.51) (end 0.162779 0.51) (layer F.SilkS) (width 0.12))
    (fp_line (start -1.48 0.73) (end -1.48 -0.73) (layer F.CrtYd) (width 0.05))
    (fp_line (start -1.48 -0.73) (end 1.48 -0.73) (layer F.CrtYd) (width 0.05))
    (fp_line (start 1.48 -0.73) (end 1.48 0.73) (layer F.CrtYd) (width 0.05))
    (fp_line (start 1.48 0.73) (end -1.48 0.73) (layer F.CrtYd) (width 0.05))
    (fp_text user %R (at 0 0 90) (layer F.Fab)
      (effects (font (size 0.4 0.4) (thickness 0.06)))
    )
    (pad 1 smd roundrect (at -0.7875 0 90) (size 0.875 0.95) (layers F.Cu F.Paste F.Mask) (roundrect_rratio 0.25)
      (net 4 /T_R))
    (pad 2 smd roundrect (at 0.7875 0 90) (size 0.875 0.95) (layers F.Cu F.Paste F.Mask) (roundrect_rratio 0.25)
      (net 3 "Net-(J2-PadR)"))
    (model ${KISYS3DMOD}/Resistor_SMD.3dshapes/R_0603_1608Metric.wrl
      (at (xyz 0 0 0))
      (scale (xyz 1 1 1))
      (rotate (xyz 0 0 0))
    )
  )

  (module Resistor_SMD:R_0603_1608Metric (layer F.Cu) (tedit 5B301BBD) (tstamp 5E79DADE)
    (at 147.066 85.471 90)
    (descr "Resistor SMD 0603 (1608 Metric), square (rectangular) end terminal, IPC_7351 nominal, (Body size source: http://www.tortai-tech.com/upload/download/2011102023233369053.pdf), generated with kicad-footprint-generator")
    (tags resistor)
    (path /5E7C8F67)
    (attr smd)
    (fp_text reference JP6 (at 0 -1.43 90) (layer F.SilkS) hide
      (effects (font (size 1 1) (thickness 0.15)))
    )
    (fp_text value R_B (at 0 1.43 90) (layer F.Fab)
      (effects (font (size 1 1) (thickness 0.15)))
    )
    (fp_text user %R (at 0 0 90) (layer F.Fab)
      (effects (font (size 0.4 0.4) (thickness 0.06)))
    )
    (fp_line (start 1.48 0.73) (end -1.48 0.73) (layer F.CrtYd) (width 0.05))
    (fp_line (start 1.48 -0.73) (end 1.48 0.73) (layer F.CrtYd) (width 0.05))
    (fp_line (start -1.48 -0.73) (end 1.48 -0.73) (layer F.CrtYd) (width 0.05))
    (fp_line (start -1.48 0.73) (end -1.48 -0.73) (layer F.CrtYd) (width 0.05))
    (fp_line (start -0.162779 0.51) (end 0.162779 0.51) (layer F.SilkS) (width 0.12))
    (fp_line (start -0.162779 -0.51) (end 0.162779 -0.51) (layer F.SilkS) (width 0.12))
    (fp_line (start 0.8 0.4) (end -0.8 0.4) (layer F.Fab) (width 0.1))
    (fp_line (start 0.8 -0.4) (end 0.8 0.4) (layer F.Fab) (width 0.1))
    (fp_line (start -0.8 -0.4) (end 0.8 -0.4) (layer F.Fab) (width 0.1))
    (fp_line (start -0.8 0.4) (end -0.8 -0.4) (layer F.Fab) (width 0.1))
    (pad 2 smd roundrect (at 0.7875 0 90) (size 0.875 0.95) (layers F.Cu F.Paste F.Mask) (roundrect_rratio 0.25)
      (net 5 /B_R))
    (pad 1 smd roundrect (at -0.7875 0 90) (size 0.875 0.95) (layers F.Cu F.Paste F.Mask) (roundrect_rratio 0.25)
      (net 3 "Net-(J2-PadR)"))
    (model ${KISYS3DMOD}/Resistor_SMD.3dshapes/R_0603_1608Metric.wrl
      (at (xyz 0 0 0))
      (scale (xyz 1 1 1))
      (rotate (xyz 0 0 0))
    )
  )

  (gr_text v0.1 (at 129.032 87.757) (layer B.SilkS)
    (effects (font (size 1.5 1.5) (thickness 0.3)) (justify mirror))
  )
  (gr_text Schilk (at 139.192 87.757) (layer B.SilkS)
    (effects (font (size 1.5 1.5) (thickness 0.3)) (justify mirror))
  )
  (gr_text "3.5mm RiserBoard" (at 147.701 95.75) (layer B.SilkS)
    (effects (font (size 1.5 1.5) (thickness 0.3)) (justify left mirror))
  )
  (gr_line (start 142.24 83.185) (end 157.48 83.185) (layer Edge.Cuts) (width 0.05) (tstamp 5E79E8B3))
  (gr_line (start 157.48 97.155) (end 157.48 83.185) (layer Edge.Cuts) (width 0.05))
  (gr_line (start 142.24 86.36) (end 142.24 83.185) (layer Edge.Cuts) (width 0.05))
  (gr_line (start 129.54 86.36) (end 142.24 86.36) (layer Edge.Cuts) (width 0.05))
  (gr_line (start 129.54 97.155) (end 157.48 97.155) (layer Edge.Cuts) (width 0.05))
  (gr_line (start 126.365 86.36) (end 129.54 86.36) (layer Edge.Cuts) (width 0.05))
  (gr_line (start 126.365 97.155) (end 129.54 97.155) (layer Edge.Cuts) (width 0.05))
  (gr_line (start 126.365 86.36) (end 126.365 97.155) (layer Edge.Cuts) (width 0.05))

  (segment (start 128.205 94.325) (end 128.205 95.325) (width 0.25) (layer F.Cu) (net 1) (status 20))
  (segment (start 127.829999 90.200001) (end 127.829999 93.949999) (width 0.25) (layer F.Cu) (net 1))
  (segment (start 128.205 89.825) (end 127.829999 90.200001) (width 0.25) (layer F.Cu) (net 1))
  (segment (start 127.829999 93.949999) (end 128.205 94.325) (width 0.25) (layer F.Cu) (net 1))
  (segment (start 128.205 88.825) (end 128.205 89.825) (width 0.25) (layer F.Cu) (net 1) (status 10))
  (segment (start 145.288 86.2585) (end 143.51 86.2585) (width 0.25) (layer F.Cu) (net 1) (status 30))
  (segment (start 128.205 87.825) (end 129.035 86.995) (width 0.25) (layer F.Cu) (net 1))
  (segment (start 128.205 88.825) (end 128.205 87.825) (width 0.25) (layer F.Cu) (net 1) (status 10))
  (segment (start 143.51 86.696) (end 143.51 86.2585) (width 0.25) (layer F.Cu) (net 1) (status 20))
  (segment (start 143.211 86.995) (end 143.51 86.696) (width 0.25) (layer F.Cu) (net 1))
  (segment (start 129.035 86.995) (end 143.211 86.995) (width 0.25) (layer F.Cu) (net 1))
  (segment (start 134.605 94.325) (end 134.605 95.325) (width 0.25) (layer F.Cu) (net 2) (status 20))
  (segment (start 133.829999 93.549999) (end 134.605 94.325) (width 0.25) (layer F.Cu) (net 2))
  (segment (start 133.829999 90.600001) (end 133.829999 93.549999) (width 0.25) (layer F.Cu) (net 2))
  (segment (start 134.605 89.825) (end 133.829999 90.600001) (width 0.25) (layer F.Cu) (net 2))
  (segment (start 134.605 88.825) (end 134.605 89.825) (width 0.25) (layer F.Cu) (net 2) (status 10))
  (segment (start 147.066 92.6085) (end 147.066 94.2085) (width 0.25) (layer F.Cu) (net 2) (status 30))
  (segment (start 144.145 95.885) (end 145.8215 94.2085) (width 0.25) (layer F.Cu) (net 2))
  (segment (start 137.795 95.885) (end 144.145 95.885) (width 0.25) (layer F.Cu) (net 2))
  (segment (start 134.605 95.325) (end 137.235 95.325) (width 0.25) (layer F.Cu) (net 2) (status 10))
  (segment (start 145.8215 94.2085) (end 147.066 94.2085) (width 0.25) (layer F.Cu) (net 2) (status 20))
  (segment (start 137.235 95.325) (end 137.795 95.885) (width 0.25) (layer F.Cu) (net 2))
  (segment (start 131.405 95.325) (end 131.405 88.825) (width 0.25) (layer F.Cu) (net 3) (status 30))
  (segment (start 131.405 87.825) (end 131.6 87.63) (width 0.25) (layer F.Cu) (net 3))
  (segment (start 131.405 88.825) (end 131.405 87.825) (width 0.25) (layer F.Cu) (net 3) (status 10))
  (segment (start 146.591 87.8585) (end 147.066 87.8585) (width 0.25) (layer F.Cu) (net 3) (status 30))
  (segment (start 146.3625 87.63) (end 146.591 87.8585) (width 0.25) (layer F.Cu) (net 3) (status 20))
  (segment (start 131.6 87.63) (end 146.3625 87.63) (width 0.25) (layer F.Cu) (net 3))
  (segment (start 147.066 86.2585) (end 147.066 87.8585) (width 0.25) (layer F.Cu) (net 3) (status 30))
  (segment (start 152.4 92.075) (end 152.4 94.615) (width 0.25) (layer F.Cu) (net 4) (status 30))
  (segment (start 150.495 90.17) (end 152.4 92.075) (width 0.25) (layer F.Cu) (net 4) (status 20))
  (segment (start 147.59899 91.79601) (end 149.225 90.17) (width 0.25) (layer F.Cu) (net 4))
  (segment (start 146.591 89.4335) (end 146.05 89.9745) (width 0.25) (layer F.Cu) (net 4) (status 10))
  (segment (start 147.066 89.4335) (end 146.591 89.4335) (width 0.25) (layer F.Cu) (net 4) (status 30))
  (segment (start 146.05 89.9745) (end 146.05 91.44) (width 0.25) (layer F.Cu) (net 4))
  (segment (start 149.225 90.17) (end 150.495 90.17) (width 0.25) (layer F.Cu) (net 4))
  (segment (start 146.05 91.44) (end 146.40601 91.79601) (width 0.25) (layer F.Cu) (net 4))
  (segment (start 146.40601 91.79601) (end 147.59899 91.79601) (width 0.25) (layer F.Cu) (net 4))
  (segment (start 154.94 92.075) (end 154.94 94.615) (width 0.25) (layer F.Cu) (net 8) (status 30))
  (segment (start 147.541 95.7835) (end 148.2775 96.52) (width 0.25) (layer F.Cu) (net 8))
  (segment (start 147.066 95.7835) (end 147.541 95.7835) (width 0.25) (layer F.Cu) (net 8) (status 10))
  (segment (start 153.035 96.52) (end 154.94 94.615) (width 0.25) (layer F.Cu) (net 8) (status 20))
  (segment (start 148.2775 96.52) (end 153.035 96.52) (width 0.25) (layer F.Cu) (net 8))
  (segment (start 154.94 85.725) (end 154.94 88.265) (width 0.25) (layer F.Cu) (net 9) (status 30))
  (segment (start 154.94 88.265) (end 153.485009 89.719991) (width 0.25) (layer F.Cu) (net 9) (status 10))
  (segment (start 153.485009 89.719991) (end 148.854509 89.719991) (width 0.25) (layer F.Cu) (net 9))
  (segment (start 147.541 91.0335) (end 147.066 91.0335) (width 0.25) (layer F.Cu) (net 9) (status 20))
  (segment (start 148.854509 89.719991) (end 147.541 91.0335) (width 0.25) (layer F.Cu) (net 9))
  (segment (start 152.4 85.725) (end 152.4 88.265) (width 0.25) (layer F.Cu) (net 5) (status 30))
  (segment (start 147.541 84.6835) (end 147.7695 84.455) (width 0.25) (layer F.Cu) (net 5))
  (segment (start 147.066 84.6835) (end 147.541 84.6835) (width 0.25) (layer F.Cu) (net 5) (status 10))
  (segment (start 151.13 84.455) (end 152.4 85.725) (width 0.25) (layer F.Cu) (net 5) (status 20))
  (segment (start 147.7695 84.455) (end 151.13 84.455) (width 0.25) (layer F.Cu) (net 5))
  (segment (start 149.86 92.075) (end 149.86 94.615) (width 0.25) (layer F.Cu) (net 6) (status 30))
  (segment (start 149.86 95.715) (end 150.03 95.885) (width 0.25) (layer F.Cu) (net 6))
  (segment (start 149.86 94.615) (end 149.86 95.715) (width 0.25) (layer F.Cu) (net 6) (status 10))
  (segment (start 152.869002 95.885) (end 153.67 95.084002) (width 0.25) (layer F.Cu) (net 6))
  (segment (start 150.03 95.885) (end 152.869002 95.885) (width 0.25) (layer F.Cu) (net 6))
  (segment (start 153.67 95.084002) (end 153.67 90.805) (width 0.25) (layer F.Cu) (net 6))
  (segment (start 153.67 90.805) (end 154.305 90.17) (width 0.25) (layer F.Cu) (net 6))
  (segment (start 154.305 90.17) (end 155.575 90.17) (width 0.25) (layer F.Cu) (net 6))
  (segment (start 155.575 90.17) (end 156.845 88.9) (width 0.25) (layer F.Cu) (net 6))
  (segment (start 156.845 88.9) (end 156.845 84.455) (width 0.25) (layer F.Cu) (net 6))
  (segment (start 145.61301 83.92099) (end 145.288 84.246) (width 0.25) (layer F.Cu) (net 6) (status 20))
  (segment (start 145.288 84.246) (end 145.288 84.6835) (width 0.25) (layer F.Cu) (net 6) (status 30))
  (segment (start 156.31099 83.92099) (end 145.61301 83.92099) (width 0.25) (layer F.Cu) (net 6))
  (segment (start 156.845 84.455) (end 156.31099 83.92099) (width 0.25) (layer F.Cu) (net 6))
  (segment (start 149.86 85.725) (end 149.86 88.265) (width 0.25) (layer F.Cu) (net 7) (status 30))
  (segment (start 143.51 85.121) (end 143.51 84.6835) (width 0.25) (layer F.Cu) (net 7) (status 20))
  (segment (start 143.88499 85.49599) (end 143.51 85.121) (width 0.25) (layer F.Cu) (net 7))
  (segment (start 148.428909 85.49599) (end 143.88499 85.49599) (width 0.25) (layer F.Cu) (net 7))
  (segment (start 148.657919 85.725) (end 148.428909 85.49599) (width 0.25) (layer F.Cu) (net 7))
  (segment (start 149.86 85.725) (end 148.657919 85.725) (width 0.25) (layer F.Cu) (net 7) (status 10))

)
