(kicad_pcb (version 20171130) (host pcbnew "(5.1.5)-3")

  (general
    (thickness 1.6)
    (drawings 13)
    (tracks 95)
    (zones 0)
    (modules 11)
    (nets 11)
  )

  (page A4)
  (title_block
    (title "3.5mm Jack Riser Board")
    (date 2020-03-24)
    (rev v0.0)
    (company "Philipp Schilk")
    (comment 1 https://github.com/TheSchilk)
  )

  (layers
    (0 F.Cu signal)
    (31 B.Cu signal)
    (32 B.Adhes user)
    (33 F.Adhes user)
    (34 B.Paste user)
    (35 F.Paste user)
    (36 B.SilkS user)
    (37 F.SilkS user)
    (38 B.Mask user)
    (39 F.Mask user)
    (40 Dwgs.User user)
    (41 Cmts.User user)
    (42 Eco1.User user)
    (43 Eco2.User user)
    (44 Edge.Cuts user)
    (45 Margin user)
    (46 B.CrtYd user)
    (47 F.CrtYd user)
    (48 B.Fab user hide)
    (49 F.Fab user hide)
  )

  (setup
    (last_trace_width 0.25)
    (trace_clearance 0.2)
    (zone_clearance 0.508)
    (zone_45_only no)
    (trace_min 0.2)
    (via_size 0.8)
    (via_drill 0.4)
    (via_min_size 0.4)
    (via_min_drill 0.3)
    (uvia_size 0.3)
    (uvia_drill 0.1)
    (uvias_allowed no)
    (uvia_min_size 0.2)
    (uvia_min_drill 0.1)
    (edge_width 0.05)
    (segment_width 0.2)
    (pcb_text_width 0.3)
    (pcb_text_size 1.5 1.5)
    (mod_edge_width 0.12)
    (mod_text_size 1 1)
    (mod_text_width 0.15)
    (pad_size 1.524 1.524)
    (pad_drill 0.762)
    (pad_to_mask_clearance 0.051)
    (solder_mask_min_width 0.25)
    (aux_axis_origin 0 0)
    (visible_elements 7FFFFFFF)
    (pcbplotparams
      (layerselection 0x010fc_ffffffff)
      (usegerberextensions false)
      (usegerberattributes false)
      (usegerberadvancedattributes false)
      (creategerberjobfile false)
      (excludeedgelayer true)
      (linewidth 0.100000)
      (plotframeref false)
      (viasonmask false)
      (mode 1)
      (useauxorigin false)
      (hpglpennumber 1)
      (hpglpenspeed 20)
      (hpglpendiameter 15.000000)
      (psnegative false)
      (psa4output false)
      (plotreference true)
      (plotvalue true)
      (plotinvisibletext false)
      (padsonsilk false)
      (subtractmaskfromsilk false)
      (outputformat 1)
      (mirror false)
      (drillshape 0)
      (scaleselection 1)
      (outputdirectory "Gerber/"))
  )

  (net 0 "")
  (net 1 /1_GND)
  (net 2 /1_L)
  (net 3 /1_R)
  (net 4 "Net-(J2-PadRN)")
  (net 5 "Net-(J2-PadS)")
  (net 6 "Net-(J2-PadT)")
  (net 7 "Net-(J2-PadR)")
  (net 8 /2_R)
  (net 9 /2_L)
  (net 10 /2_GND)

  (net_class Default "This is the default net class."
    (clearance 0.2)
    (trace_width 0.25)
    (via_dia 0.8)
    (via_drill 0.4)
    (uvia_dia 0.3)
    (uvia_drill 0.1)
    (add_net /1_GND)
    (add_net /1_L)
    (add_net /1_R)
    (add_net /2_GND)
    (add_net /2_L)
    (add_net /2_R)
    (add_net "Net-(J2-PadR)")
    (add_net "Net-(J2-PadRN)")
    (add_net "Net-(J2-PadS)")
    (add_net "Net-(J2-PadT)")
  )

  (module Jack_3.5mm_Switchcraft_35RASMT4BHNTRX:Jack_3.5mm_Switchcraft_35RASMT4BHNTRX (layer F.Cu) (tedit 5E7A1D44) (tstamp 5E79DA5C)
    (at 126.365 94.8055)
    (path /5E7E9474)
    (fp_text reference J2 (at 9.4 -7.1) (layer F.SilkS) hide
      (effects (font (size 1 1) (thickness 0.15)))
    )
    (fp_text value Input (at 6.8 3.5) (layer F.Fab)
      (effects (font (size 1 1) (thickness 0.15)))
    )
    (fp_line (start 17.9 -8.001) (end 0 -8.001) (layer F.CrtYd) (width 0.12))
    (fp_line (start 17.9 1.905) (end 17.9 -8.001) (layer F.CrtYd) (width 0.12))
    (fp_line (start 0 1.905) (end 17.9 1.905) (layer F.CrtYd) (width 0.12))
    (fp_line (start 0 -8.001) (end 0 1.905) (layer F.CrtYd) (width 0.12))
    (fp_line (start 0 -0.5) (end 0 0) (layer F.Fab) (width 0.12))
    (fp_line (start -2.5 -0.5) (end 0 -0.5) (layer F.Fab) (width 0.12))
    (fp_line (start -2.5 -5.5) (end -2.5 -0.5) (layer F.Fab) (width 0.12))
    (fp_line (start 0 -5.5) (end -2.5 -5.5) (layer F.Fab) (width 0.12))
    (fp_line (start 0 -6) (end 0 -5.5) (layer F.Fab) (width 0.12))
    (fp_line (start 14.5 -6) (end 0 -6) (layer F.Fab) (width 0.12))
    (fp_line (start 14.5 0) (end 14.5 -6) (layer F.Fab) (width 0.12))
    (fp_line (start 0 0) (end 14.5 0) (layer F.Fab) (width 0.12))
    (fp_line (start 3.8 0) (end 3.8 2) (layer F.SilkS) (width 0.12))
    (fp_line (start 1 0) (end 1 2) (layer F.SilkS) (width 0.12))
    (fp_line (start 1 0) (end 0.425 0) (layer F.SilkS) (width 0.12))
    (fp_line (start 10.1 0) (end 3.8 0) (layer F.SilkS) (width 0.12))
    (fp_line (start 14.5 0) (end 13.3 0) (layer F.SilkS) (width 0.12))
    (fp_line (start 14.5 -2.1) (end 14.5 0) (layer F.SilkS) (width 0.12))
    (fp_line (start 14.5 -6) (end 14.5 -5.3) (layer F.SilkS) (width 0.12))
    (fp_line (start 5.7 -6) (end 14.5 -6) (layer F.SilkS) (width 0.12))
    (pad RN smd rect (at 15.8 -3.7) (size 2.6 2.7) (layers F.Cu F.Paste F.Mask)
      (net 4 "Net-(J2-PadRN)"))
    (pad R smd rect (at 2.4 1) (size 2.2 2.1) (layers F.Cu F.Paste F.Mask)
      (net 7 "Net-(J2-PadR)"))
    (pad T smd rect (at 11.7 1) (size 2.7 2.1) (layers F.Cu F.Paste F.Mask)
      (net 6 "Net-(J2-PadT)"))
    (pad S smd rect (at 4.3 -7.1) (size 2.2 2.1) (layers F.Cu F.Paste F.Mask)
      (net 5 "Net-(J2-PadS)"))
    (pad TN smd rect (at 1.6 -7.1) (size 2 2.1) (layers F.Cu F.Paste F.Mask)
      (net 4 "Net-(J2-PadRN)"))
    (pad "" np_thru_hole circle (at 10.5 -3) (size 1.8 1.8) (drill 1.6) (layers *.Cu *.Mask))
    (pad "" np_thru_hole circle (at 3.5 -3) (size 1.8 1.8) (drill 1.6) (layers *.Cu *.Mask))
  )

  (module MountingHole:MountingHole_3.2mm_M3 (layer F.Cu) (tedit 56D1B4CB) (tstamp 5E79DA16)
    (at 148.59 93.345)
    (descr "Mounting Hole 3.2mm, no annular, M3")
    (tags "mounting hole 3.2mm no annular m3")
    (path /5E7B407B)
    (attr virtual)
    (fp_text reference H1 (at -2.54 2.54) (layer F.SilkS) hide
      (effects (font (size 1 1) (thickness 0.15)))
    )
    (fp_text value "Mount 1" (at 0 4.2) (layer F.Fab)
      (effects (font (size 1 1) (thickness 0.15)))
    )
    (fp_text user %R (at -0.427001 0.660999) (layer F.Fab)
      (effects (font (size 1 1) (thickness 0.15)))
    )
    (fp_circle (center 0 0) (end 3.2 0) (layer Cmts.User) (width 0.15))
    (fp_circle (center 0 0) (end 3.45 0) (layer F.CrtYd) (width 0.05))
    (pad 1 np_thru_hole circle (at 0 0) (size 3.2 3.2) (drill 3.2) (layers *.Cu *.Mask))
  )

  (module Connector_PinHeader_2.54mm:PinHeader_2x03_P2.54mm_Vertical (layer F.Cu) (tedit 59FED5CC) (tstamp 5E79EA07)
    (at 154.305 94.615 90)
    (descr "Through hole straight pin header, 2x03, 2.54mm pitch, double rows")
    (tags "Through hole pin header THT 2x03 2.54mm double row")
    (path /5E7D7B01)
    (fp_text reference J1 (at 0.635 -2.54 90) (layer F.SilkS) hide
      (effects (font (size 1 1) (thickness 0.15)))
    )
    (fp_text value BUS1 (at 1.27 7.41 90) (layer F.Fab)
      (effects (font (size 1 1) (thickness 0.15)))
    )
    (fp_line (start 0 -1.27) (end 3.81 -1.27) (layer F.Fab) (width 0.1))
    (fp_line (start 3.81 -1.27) (end 3.81 6.35) (layer F.Fab) (width 0.1))
    (fp_line (start 3.81 6.35) (end -1.27 6.35) (layer F.Fab) (width 0.1))
    (fp_line (start -1.27 6.35) (end -1.27 0) (layer F.Fab) (width 0.1))
    (fp_line (start -1.27 0) (end 0 -1.27) (layer F.Fab) (width 0.1))
    (fp_line (start -1.33 6.41) (end 3.87 6.41) (layer F.SilkS) (width 0.12))
    (fp_line (start -1.33 1.27) (end -1.33 6.41) (layer F.SilkS) (width 0.12))
    (fp_line (start 3.87 -1.33) (end 3.87 6.41) (layer F.SilkS) (width 0.12))
    (fp_line (start -1.33 1.27) (end 1.27 1.27) (layer F.SilkS) (width 0.12))
    (fp_line (start 1.27 1.27) (end 1.27 -1.33) (layer F.SilkS) (width 0.12))
    (fp_line (start 1.27 -1.33) (end 3.87 -1.33) (layer F.SilkS) (width 0.12))
    (fp_line (start -1.33 0) (end -1.33 -1.33) (layer F.SilkS) (width 0.12))
    (fp_line (start -1.33 -1.33) (end 0 -1.33) (layer F.SilkS) (width 0.12))
    (fp_line (start -1.8 -1.8) (end -1.8 6.85) (layer F.CrtYd) (width 0.05))
    (fp_line (start -1.8 6.85) (end 4.35 6.85) (layer F.CrtYd) (width 0.05))
    (fp_line (start 4.35 6.85) (end 4.35 -1.8) (layer F.CrtYd) (width 0.05))
    (fp_line (start 4.35 -1.8) (end -1.8 -1.8) (layer F.CrtYd) (width 0.05))
    (fp_text user %R (at 1.27 2.54) (layer F.Fab)
      (effects (font (size 1 1) (thickness 0.15)))
    )
    (pad 1 thru_hole rect (at 0 0 90) (size 1.7 1.7) (drill 1) (layers *.Cu *.Mask)
      (net 1 /1_GND))
    (pad 2 thru_hole oval (at 2.54 0 90) (size 1.7 1.7) (drill 1) (layers *.Cu *.Mask)
      (net 1 /1_GND))
    (pad 3 thru_hole oval (at 0 2.54 90) (size 1.7 1.7) (drill 1) (layers *.Cu *.Mask)
      (net 2 /1_L))
    (pad 4 thru_hole oval (at 2.54 2.54 90) (size 1.7 1.7) (drill 1) (layers *.Cu *.Mask)
      (net 2 /1_L))
    (pad 5 thru_hole oval (at 0 5.08 90) (size 1.7 1.7) (drill 1) (layers *.Cu *.Mask)
      (net 3 /1_R))
    (pad 6 thru_hole oval (at 2.54 5.08 90) (size 1.7 1.7) (drill 1) (layers *.Cu *.Mask)
      (net 3 /1_R))
    (model ${KISYS3DMOD}/Connector_PinHeader_2.54mm.3dshapes/PinHeader_1x03_P2.54mm_Vertical.wrl
      (offset (xyz 2.54 0 0))
      (scale (xyz 1 1 1))
      (rotate (xyz 0 0 0))
    )
  )

  (module Connector_PinHeader_2.54mm:PinHeader_2x03_P2.54mm_Vertical (layer F.Cu) (tedit 59FED5CC) (tstamp 5E79DA78)
    (at 154.305 88.265 90)
    (descr "Through hole straight pin header, 2x03, 2.54mm pitch, double rows")
    (tags "Through hole pin header THT 2x03 2.54mm double row")
    (path /5E7D83AA)
    (fp_text reference J3 (at -2.54 -2.54 90) (layer F.SilkS) hide
      (effects (font (size 1 1) (thickness 0.15)))
    )
    (fp_text value BUS2 (at 1.27 7.41 90) (layer F.Fab)
      (effects (font (size 1 1) (thickness 0.15)))
    )
    (fp_text user %R (at 1.27 2.54) (layer F.Fab)
      (effects (font (size 1 1) (thickness 0.15)))
    )
    (fp_line (start 4.35 -1.8) (end -1.8 -1.8) (layer F.CrtYd) (width 0.05))
    (fp_line (start 4.35 6.85) (end 4.35 -1.8) (layer F.CrtYd) (width 0.05))
    (fp_line (start -1.8 6.85) (end 4.35 6.85) (layer F.CrtYd) (width 0.05))
    (fp_line (start -1.8 -1.8) (end -1.8 6.85) (layer F.CrtYd) (width 0.05))
    (fp_line (start -1.33 -1.33) (end 0 -1.33) (layer F.SilkS) (width 0.12))
    (fp_line (start -1.33 0) (end -1.33 -1.33) (layer F.SilkS) (width 0.12))
    (fp_line (start 1.27 -1.33) (end 3.87 -1.33) (layer F.SilkS) (width 0.12))
    (fp_line (start 1.27 1.27) (end 1.27 -1.33) (layer F.SilkS) (width 0.12))
    (fp_line (start -1.33 1.27) (end 1.27 1.27) (layer F.SilkS) (width 0.12))
    (fp_line (start 3.87 -1.33) (end 3.87 6.41) (layer F.SilkS) (width 0.12))
    (fp_line (start -1.33 1.27) (end -1.33 6.41) (layer F.SilkS) (width 0.12))
    (fp_line (start -1.33 6.41) (end 3.87 6.41) (layer F.SilkS) (width 0.12))
    (fp_line (start -1.27 0) (end 0 -1.27) (layer F.Fab) (width 0.1))
    (fp_line (start -1.27 6.35) (end -1.27 0) (layer F.Fab) (width 0.1))
    (fp_line (start 3.81 6.35) (end -1.27 6.35) (layer F.Fab) (width 0.1))
    (fp_line (start 3.81 -1.27) (end 3.81 6.35) (layer F.Fab) (width 0.1))
    (fp_line (start 0 -1.27) (end 3.81 -1.27) (layer F.Fab) (width 0.1))
    (pad 6 thru_hole oval (at 2.54 5.08 90) (size 1.7 1.7) (drill 1) (layers *.Cu *.Mask)
      (net 8 /2_R))
    (pad 5 thru_hole oval (at 0 5.08 90) (size 1.7 1.7) (drill 1) (layers *.Cu *.Mask)
      (net 8 /2_R))
    (pad 4 thru_hole oval (at 2.54 2.54 90) (size 1.7 1.7) (drill 1) (layers *.Cu *.Mask)
      (net 9 /2_L))
    (pad 3 thru_hole oval (at 0 2.54 90) (size 1.7 1.7) (drill 1) (layers *.Cu *.Mask)
      (net 9 /2_L))
    (pad 2 thru_hole oval (at 2.54 0 90) (size 1.7 1.7) (drill 1) (layers *.Cu *.Mask)
      (net 10 /2_GND))
    (pad 1 thru_hole rect (at 0 0 90) (size 1.7 1.7) (drill 1) (layers *.Cu *.Mask)
      (net 10 /2_GND))
    (model ${KISYS3DMOD}/Connector_PinHeader_2.54mm.3dshapes/PinHeader_1x03_P2.54mm_Vertical.wrl
      (at (xyz 0 0 0))
      (scale (xyz 1 1 1))
      (rotate (xyz 0 0 0))
    )
  )

  (module Resistor_SMD:R_0603_1608Metric (layer F.Cu) (tedit 5B301BBD) (tstamp 5E79DA89)
    (at 146.05 88.265 90)
    (descr "Resistor SMD 0603 (1608 Metric), square (rectangular) end terminal, IPC_7351 nominal, (Body size source: http://www.tortai-tech.com/upload/download/2011102023233369053.pdf), generated with kicad-footprint-generator")
    (tags resistor)
    (path /5E7C1BD8)
    (attr smd)
    (fp_text reference JP1 (at 0 1.905 90) (layer F.SilkS) hide
      (effects (font (size 1 1) (thickness 0.15)))
    )
    (fp_text value G_1 (at 0 1.43 90) (layer F.Fab)
      (effects (font (size 1 1) (thickness 0.15)))
    )
    (fp_line (start -0.8 0.4) (end -0.8 -0.4) (layer F.Fab) (width 0.1))
    (fp_line (start -0.8 -0.4) (end 0.8 -0.4) (layer F.Fab) (width 0.1))
    (fp_line (start 0.8 -0.4) (end 0.8 0.4) (layer F.Fab) (width 0.1))
    (fp_line (start 0.8 0.4) (end -0.8 0.4) (layer F.Fab) (width 0.1))
    (fp_line (start -0.162779 -0.51) (end 0.162779 -0.51) (layer F.SilkS) (width 0.12))
    (fp_line (start -0.162779 0.51) (end 0.162779 0.51) (layer F.SilkS) (width 0.12))
    (fp_line (start -1.48 0.73) (end -1.48 -0.73) (layer F.CrtYd) (width 0.05))
    (fp_line (start -1.48 -0.73) (end 1.48 -0.73) (layer F.CrtYd) (width 0.05))
    (fp_line (start 1.48 -0.73) (end 1.48 0.73) (layer F.CrtYd) (width 0.05))
    (fp_line (start 1.48 0.73) (end -1.48 0.73) (layer F.CrtYd) (width 0.05))
    (fp_text user %R (at 0 0 90) (layer F.Fab)
      (effects (font (size 0.4 0.4) (thickness 0.06)))
    )
    (pad 1 smd roundrect (at -0.7875 0 90) (size 0.875 0.95) (layers F.Cu F.Paste F.Mask) (roundrect_rratio 0.25)
      (net 1 /1_GND))
    (pad 2 smd roundrect (at 0.7875 0 90) (size 0.875 0.95) (layers F.Cu F.Paste F.Mask) (roundrect_rratio 0.25)
      (net 5 "Net-(J2-PadS)"))
    (model ${KISYS3DMOD}/Resistor_SMD.3dshapes/R_0603_1608Metric.wrl
      (at (xyz 0 0 0))
      (scale (xyz 1 1 1))
      (rotate (xyz 0 0 0))
    )
  )

  (module Resistor_SMD:R_0603_1608Metric (layer F.Cu) (tedit 5B301BBD) (tstamp 5E79DA9A)
    (at 146.05 85.09 90)
    (descr "Resistor SMD 0603 (1608 Metric), square (rectangular) end terminal, IPC_7351 nominal, (Body size source: http://www.tortai-tech.com/upload/download/2011102023233369053.pdf), generated with kicad-footprint-generator")
    (tags resistor)
    (path /5E7C23FE)
    (attr smd)
    (fp_text reference JP2 (at 0 1.905 90) (layer F.SilkS) hide
      (effects (font (size 1 1) (thickness 0.15)))
    )
    (fp_text value G_2 (at 0 1.43 90) (layer F.Fab)
      (effects (font (size 1 1) (thickness 0.15)))
    )
    (fp_text user %R (at 0 0 90) (layer F.Fab)
      (effects (font (size 0.4 0.4) (thickness 0.06)))
    )
    (fp_line (start 1.48 0.73) (end -1.48 0.73) (layer F.CrtYd) (width 0.05))
    (fp_line (start 1.48 -0.73) (end 1.48 0.73) (layer F.CrtYd) (width 0.05))
    (fp_line (start -1.48 -0.73) (end 1.48 -0.73) (layer F.CrtYd) (width 0.05))
    (fp_line (start -1.48 0.73) (end -1.48 -0.73) (layer F.CrtYd) (width 0.05))
    (fp_line (start -0.162779 0.51) (end 0.162779 0.51) (layer F.SilkS) (width 0.12))
    (fp_line (start -0.162779 -0.51) (end 0.162779 -0.51) (layer F.SilkS) (width 0.12))
    (fp_line (start 0.8 0.4) (end -0.8 0.4) (layer F.Fab) (width 0.1))
    (fp_line (start 0.8 -0.4) (end 0.8 0.4) (layer F.Fab) (width 0.1))
    (fp_line (start -0.8 -0.4) (end 0.8 -0.4) (layer F.Fab) (width 0.1))
    (fp_line (start -0.8 0.4) (end -0.8 -0.4) (layer F.Fab) (width 0.1))
    (pad 2 smd roundrect (at 0.7875 0 90) (size 0.875 0.95) (layers F.Cu F.Paste F.Mask) (roundrect_rratio 0.25)
      (net 10 /2_GND))
    (pad 1 smd roundrect (at -0.7875 0 90) (size 0.875 0.95) (layers F.Cu F.Paste F.Mask) (roundrect_rratio 0.25)
      (net 5 "Net-(J2-PadS)"))
    (model ${KISYS3DMOD}/Resistor_SMD.3dshapes/R_0603_1608Metric.wrl
      (at (xyz 0 0 0))
      (scale (xyz 1 1 1))
      (rotate (xyz 0 0 0))
    )
  )

  (module Resistor_SMD:R_0603_1608Metric (layer F.Cu) (tedit 5B301BBD) (tstamp 5E79DAAB)
    (at 148.59 88.265 90)
    (descr "Resistor SMD 0603 (1608 Metric), square (rectangular) end terminal, IPC_7351 nominal, (Body size source: http://www.tortai-tech.com/upload/download/2011102023233369053.pdf), generated with kicad-footprint-generator")
    (tags resistor)
    (path /5E7C4C9C)
    (attr smd)
    (fp_text reference JP3 (at 0 -1.43 90) (layer F.SilkS) hide
      (effects (font (size 1 1) (thickness 0.15)))
    )
    (fp_text value L_1 (at 0 1.43 90) (layer F.Fab)
      (effects (font (size 1 1) (thickness 0.15)))
    )
    (fp_line (start -0.8 0.4) (end -0.8 -0.4) (layer F.Fab) (width 0.1))
    (fp_line (start -0.8 -0.4) (end 0.8 -0.4) (layer F.Fab) (width 0.1))
    (fp_line (start 0.8 -0.4) (end 0.8 0.4) (layer F.Fab) (width 0.1))
    (fp_line (start 0.8 0.4) (end -0.8 0.4) (layer F.Fab) (width 0.1))
    (fp_line (start -0.162779 -0.51) (end 0.162779 -0.51) (layer F.SilkS) (width 0.12))
    (fp_line (start -0.162779 0.51) (end 0.162779 0.51) (layer F.SilkS) (width 0.12))
    (fp_line (start -1.48 0.73) (end -1.48 -0.73) (layer F.CrtYd) (width 0.05))
    (fp_line (start -1.48 -0.73) (end 1.48 -0.73) (layer F.CrtYd) (width 0.05))
    (fp_line (start 1.48 -0.73) (end 1.48 0.73) (layer F.CrtYd) (width 0.05))
    (fp_line (start 1.48 0.73) (end -1.48 0.73) (layer F.CrtYd) (width 0.05))
    (fp_text user %R (at 0 0 90) (layer F.Fab)
      (effects (font (size 0.4 0.4) (thickness 0.06)))
    )
    (pad 1 smd roundrect (at -0.7875 0 90) (size 0.875 0.95) (layers F.Cu F.Paste F.Mask) (roundrect_rratio 0.25)
      (net 2 /1_L))
    (pad 2 smd roundrect (at 0.7875 0 90) (size 0.875 0.95) (layers F.Cu F.Paste F.Mask) (roundrect_rratio 0.25)
      (net 6 "Net-(J2-PadT)"))
    (model ${KISYS3DMOD}/Resistor_SMD.3dshapes/R_0603_1608Metric.wrl
      (at (xyz 0 0 0))
      (scale (xyz 1 1 1))
      (rotate (xyz 0 0 0))
    )
  )

  (module Resistor_SMD:R_0603_1608Metric (layer F.Cu) (tedit 5B301BBD) (tstamp 5E79DABC)
    (at 148.59 85.09 90)
    (descr "Resistor SMD 0603 (1608 Metric), square (rectangular) end terminal, IPC_7351 nominal, (Body size source: http://www.tortai-tech.com/upload/download/2011102023233369053.pdf), generated with kicad-footprint-generator")
    (tags resistor)
    (path /5E7C4CA2)
    (attr smd)
    (fp_text reference JP4 (at 0 -1.43 90) (layer F.SilkS) hide
      (effects (font (size 1 1) (thickness 0.15)))
    )
    (fp_text value L_2 (at 0 1.43 90) (layer F.Fab)
      (effects (font (size 1 1) (thickness 0.15)))
    )
    (fp_text user %R (at 0 0 90) (layer F.Fab)
      (effects (font (size 0.4 0.4) (thickness 0.06)))
    )
    (fp_line (start 1.48 0.73) (end -1.48 0.73) (layer F.CrtYd) (width 0.05))
    (fp_line (start 1.48 -0.73) (end 1.48 0.73) (layer F.CrtYd) (width 0.05))
    (fp_line (start -1.48 -0.73) (end 1.48 -0.73) (layer F.CrtYd) (width 0.05))
    (fp_line (start -1.48 0.73) (end -1.48 -0.73) (layer F.CrtYd) (width 0.05))
    (fp_line (start -0.162779 0.51) (end 0.162779 0.51) (layer F.SilkS) (width 0.12))
    (fp_line (start -0.162779 -0.51) (end 0.162779 -0.51) (layer F.SilkS) (width 0.12))
    (fp_line (start 0.8 0.4) (end -0.8 0.4) (layer F.Fab) (width 0.1))
    (fp_line (start 0.8 -0.4) (end 0.8 0.4) (layer F.Fab) (width 0.1))
    (fp_line (start -0.8 -0.4) (end 0.8 -0.4) (layer F.Fab) (width 0.1))
    (fp_line (start -0.8 0.4) (end -0.8 -0.4) (layer F.Fab) (width 0.1))
    (pad 2 smd roundrect (at 0.7875 0 90) (size 0.875 0.95) (layers F.Cu F.Paste F.Mask) (roundrect_rratio 0.25)
      (net 9 /2_L))
    (pad 1 smd roundrect (at -0.7875 0 90) (size 0.875 0.95) (layers F.Cu F.Paste F.Mask) (roundrect_rratio 0.25)
      (net 6 "Net-(J2-PadT)"))
    (model ${KISYS3DMOD}/Resistor_SMD.3dshapes/R_0603_1608Metric.wrl
      (at (xyz 0 0 0))
      (scale (xyz 1 1 1))
      (rotate (xyz 0 0 0))
    )
  )

  (module Resistor_SMD:R_0603_1608Metric (layer F.Cu) (tedit 5B301BBD) (tstamp 5E79DACD)
    (at 151.13 88.265 90)
    (descr "Resistor SMD 0603 (1608 Metric), square (rectangular) end terminal, IPC_7351 nominal, (Body size source: http://www.tortai-tech.com/upload/download/2011102023233369053.pdf), generated with kicad-footprint-generator")
    (tags resistor)
    (path /5E7C8F61)
    (attr smd)
    (fp_text reference JP5 (at 0 -1.43 90) (layer F.SilkS) hide
      (effects (font (size 1 1) (thickness 0.15)))
    )
    (fp_text value R_1 (at 0 1.43 90) (layer F.Fab)
      (effects (font (size 1 1) (thickness 0.15)))
    )
    (fp_line (start -0.8 0.4) (end -0.8 -0.4) (layer F.Fab) (width 0.1))
    (fp_line (start -0.8 -0.4) (end 0.8 -0.4) (layer F.Fab) (width 0.1))
    (fp_line (start 0.8 -0.4) (end 0.8 0.4) (layer F.Fab) (width 0.1))
    (fp_line (start 0.8 0.4) (end -0.8 0.4) (layer F.Fab) (width 0.1))
    (fp_line (start -0.162779 -0.51) (end 0.162779 -0.51) (layer F.SilkS) (width 0.12))
    (fp_line (start -0.162779 0.51) (end 0.162779 0.51) (layer F.SilkS) (width 0.12))
    (fp_line (start -1.48 0.73) (end -1.48 -0.73) (layer F.CrtYd) (width 0.05))
    (fp_line (start -1.48 -0.73) (end 1.48 -0.73) (layer F.CrtYd) (width 0.05))
    (fp_line (start 1.48 -0.73) (end 1.48 0.73) (layer F.CrtYd) (width 0.05))
    (fp_line (start 1.48 0.73) (end -1.48 0.73) (layer F.CrtYd) (width 0.05))
    (fp_text user %R (at 0 0 90) (layer F.Fab)
      (effects (font (size 0.4 0.4) (thickness 0.06)))
    )
    (pad 1 smd roundrect (at -0.7875 0 90) (size 0.875 0.95) (layers F.Cu F.Paste F.Mask) (roundrect_rratio 0.25)
      (net 3 /1_R))
    (pad 2 smd roundrect (at 0.7875 0 90) (size 0.875 0.95) (layers F.Cu F.Paste F.Mask) (roundrect_rratio 0.25)
      (net 7 "Net-(J2-PadR)"))
    (model ${KISYS3DMOD}/Resistor_SMD.3dshapes/R_0603_1608Metric.wrl
      (at (xyz 0 0 0))
      (scale (xyz 1 1 1))
      (rotate (xyz 0 0 0))
    )
  )

  (module Resistor_SMD:R_0603_1608Metric (layer F.Cu) (tedit 5B301BBD) (tstamp 5E79DADE)
    (at 151.13 85.09 90)
    (descr "Resistor SMD 0603 (1608 Metric), square (rectangular) end terminal, IPC_7351 nominal, (Body size source: http://www.tortai-tech.com/upload/download/2011102023233369053.pdf), generated with kicad-footprint-generator")
    (tags resistor)
    (path /5E7C8F67)
    (attr smd)
    (fp_text reference JP6 (at 0 -1.43 90) (layer F.SilkS) hide
      (effects (font (size 1 1) (thickness 0.15)))
    )
    (fp_text value R_2 (at 0 1.43 90) (layer F.Fab)
      (effects (font (size 1 1) (thickness 0.15)))
    )
    (fp_text user %R (at 0 0 90) (layer F.Fab)
      (effects (font (size 0.4 0.4) (thickness 0.06)))
    )
    (fp_line (start 1.48 0.73) (end -1.48 0.73) (layer F.CrtYd) (width 0.05))
    (fp_line (start 1.48 -0.73) (end 1.48 0.73) (layer F.CrtYd) (width 0.05))
    (fp_line (start -1.48 -0.73) (end 1.48 -0.73) (layer F.CrtYd) (width 0.05))
    (fp_line (start -1.48 0.73) (end -1.48 -0.73) (layer F.CrtYd) (width 0.05))
    (fp_line (start -0.162779 0.51) (end 0.162779 0.51) (layer F.SilkS) (width 0.12))
    (fp_line (start -0.162779 -0.51) (end 0.162779 -0.51) (layer F.SilkS) (width 0.12))
    (fp_line (start 0.8 0.4) (end -0.8 0.4) (layer F.Fab) (width 0.1))
    (fp_line (start 0.8 -0.4) (end 0.8 0.4) (layer F.Fab) (width 0.1))
    (fp_line (start -0.8 -0.4) (end 0.8 -0.4) (layer F.Fab) (width 0.1))
    (fp_line (start -0.8 0.4) (end -0.8 -0.4) (layer F.Fab) (width 0.1))
    (pad 2 smd roundrect (at 0.7875 0 90) (size 0.875 0.95) (layers F.Cu F.Paste F.Mask) (roundrect_rratio 0.25)
      (net 8 /2_R))
    (pad 1 smd roundrect (at -0.7875 0 90) (size 0.875 0.95) (layers F.Cu F.Paste F.Mask) (roundrect_rratio 0.25)
      (net 7 "Net-(J2-PadR)"))
    (model ${KISYS3DMOD}/Resistor_SMD.3dshapes/R_0603_1608Metric.wrl
      (at (xyz 0 0 0))
      (scale (xyz 1 1 1))
      (rotate (xyz 0 0 0))
    )
  )

  (module Resistor_SMD:R_0603_1608Metric (layer B.Cu) (tedit 5B301BBD) (tstamp 5E79EFD8)
    (at 142.875 87.63)
    (descr "Resistor SMD 0603 (1608 Metric), square (rectangular) end terminal, IPC_7351 nominal, (Body size source: http://www.tortai-tech.com/upload/download/2011102023233369053.pdf), generated with kicad-footprint-generator")
    (tags resistor)
    (path /5E7E0BE6)
    (attr smd)
    (fp_text reference R1 (at -2.54 0 180) (layer B.SilkS)
      (effects (font (size 1 1) (thickness 0.15)) (justify mirror))
    )
    (fp_text value 10K (at 0 -1.43 180) (layer B.Fab)
      (effects (font (size 1 1) (thickness 0.15)) (justify mirror))
    )
    (fp_line (start -0.8 -0.4) (end -0.8 0.4) (layer B.Fab) (width 0.1))
    (fp_line (start -0.8 0.4) (end 0.8 0.4) (layer B.Fab) (width 0.1))
    (fp_line (start 0.8 0.4) (end 0.8 -0.4) (layer B.Fab) (width 0.1))
    (fp_line (start 0.8 -0.4) (end -0.8 -0.4) (layer B.Fab) (width 0.1))
    (fp_line (start -0.162779 0.51) (end 0.162779 0.51) (layer B.SilkS) (width 0.12))
    (fp_line (start -0.162779 -0.51) (end 0.162779 -0.51) (layer B.SilkS) (width 0.12))
    (fp_line (start -1.48 -0.73) (end -1.48 0.73) (layer B.CrtYd) (width 0.05))
    (fp_line (start -1.48 0.73) (end 1.48 0.73) (layer B.CrtYd) (width 0.05))
    (fp_line (start 1.48 0.73) (end 1.48 -0.73) (layer B.CrtYd) (width 0.05))
    (fp_line (start 1.48 -0.73) (end -1.48 -0.73) (layer B.CrtYd) (width 0.05))
    (fp_text user %R (at 0 0 180) (layer B.Fab)
      (effects (font (size 0.4 0.4) (thickness 0.06)) (justify mirror))
    )
    (pad 1 smd roundrect (at -0.7875 0) (size 0.875 0.95) (layers B.Cu B.Paste B.Mask) (roundrect_rratio 0.25)
      (net 5 "Net-(J2-PadS)"))
    (pad 2 smd roundrect (at 0.7875 0) (size 0.875 0.95) (layers B.Cu B.Paste B.Mask) (roundrect_rratio 0.25)
      (net 4 "Net-(J2-PadRN)"))
    (model ${KISYS3DMOD}/Resistor_SMD.3dshapes/R_0603_1608Metric.wrl
      (at (xyz 0 0 0))
      (scale (xyz 1 1 1))
      (rotate (xyz 0 0 0))
    )
  )

  (gr_text v0.0 (at 128.905 95.885) (layer B.SilkS)
    (effects (font (size 1.5 1.5) (thickness 0.3)) (justify mirror))
  )
  (gr_text Schilk (at 130.175 88.265) (layer B.SilkS)
    (effects (font (size 1.5 1.5) (thickness 0.3)) (justify mirror))
  )
  (gr_text "3.5\nRiserBoard" (at 144.78 94.615) (layer B.SilkS)
    (effects (font (size 1.5 1.5) (thickness 0.3)) (justify left mirror))
  )
  (gr_line (start 144.78 83.185) (end 161.925 83.185) (layer Edge.Cuts) (width 0.05) (tstamp 5E79E8B3))
  (gr_line (start 144.78 83.185) (end 144.78 83.82) (layer Edge.Cuts) (width 0.05) (tstamp 5E79E8B2))
  (gr_line (start 161.925 97.155) (end 161.925 83.185) (layer Edge.Cuts) (width 0.05))
  (gr_line (start 144.78 97.155) (end 161.925 97.155) (layer Edge.Cuts) (width 0.05))
  (gr_line (start 144.78 86.36) (end 144.78 83.82) (layer Edge.Cuts) (width 0.05))
  (gr_line (start 129.54 86.36) (end 144.78 86.36) (layer Edge.Cuts) (width 0.05))
  (gr_line (start 129.54 97.155) (end 144.78 97.155) (layer Edge.Cuts) (width 0.05))
  (gr_line (start 126.365 86.36) (end 129.54 86.36) (layer Edge.Cuts) (width 0.05))
  (gr_line (start 126.365 97.155) (end 129.54 97.155) (layer Edge.Cuts) (width 0.05))
  (gr_line (start 126.365 86.36) (end 126.365 97.155) (layer Edge.Cuts) (width 0.05))

  (segment (start 154.305 93.515) (end 154.305 92.075) (width 0.25) (layer F.Cu) (net 1))
  (segment (start 154.305 94.615) (end 154.305 93.515) (width 0.25) (layer F.Cu) (net 1))
  (segment (start 145.575 89.0525) (end 146.05 89.0525) (width 0.25) (layer F.Cu) (net 1))
  (segment (start 154.305 90.872919) (end 153.602081 90.17) (width 0.25) (layer B.Cu) (net 1))
  (segment (start 154.305 92.075) (end 154.305 90.872919) (width 0.25) (layer B.Cu) (net 1))
  (segment (start 153.602081 90.17) (end 151.13 90.17) (width 0.25) (layer B.Cu) (net 1))
  (segment (start 151.13 90.17) (end 150.495 89.535) (width 0.25) (layer B.Cu) (net 1))
  (segment (start 150.495 89.535) (end 146.05 89.535) (width 0.25) (layer B.Cu) (net 1))
  (via (at 145.415 90.805) (size 0.8) (drill 0.4) (layers F.Cu B.Cu) (net 1))
  (segment (start 146.05 89.535) (end 145.415 90.17) (width 0.25) (layer B.Cu) (net 1))
  (segment (start 145.415 90.17) (end 145.415 90.805) (width 0.25) (layer B.Cu) (net 1))
  (segment (start 145.415 89.6875) (end 146.05 89.0525) (width 0.25) (layer F.Cu) (net 1))
  (segment (start 145.415 90.805) (end 145.415 89.6875) (width 0.25) (layer F.Cu) (net 1))
  (segment (start 156.845 92.075) (end 156.845 94.615) (width 0.25) (layer F.Cu) (net 2))
  (segment (start 156.845 92.075) (end 155.575 90.805) (width 0.25) (layer F.Cu) (net 2))
  (segment (start 148.59 89.49) (end 148.59 89.0525) (width 0.25) (layer F.Cu) (net 2))
  (segment (start 155.575 90.805) (end 151.765 90.805) (width 0.25) (layer F.Cu) (net 2))
  (segment (start 151.765 90.805) (end 151.13 90.17) (width 0.25) (layer F.Cu) (net 2))
  (segment (start 151.13 90.17) (end 150.495 90.17) (width 0.25) (layer F.Cu) (net 2))
  (segment (start 149.3775 89.0525) (end 148.59 89.0525) (width 0.25) (layer F.Cu) (net 2))
  (segment (start 150.495 90.17) (end 149.3775 89.0525) (width 0.25) (layer F.Cu) (net 2))
  (segment (start 159.385 93.277081) (end 159.385 94.615) (width 0.25) (layer F.Cu) (net 3))
  (segment (start 159.385 92.075) (end 159.385 93.277081) (width 0.25) (layer F.Cu) (net 3))
  (segment (start 157.029989 89.719989) (end 158.535001 91.225001) (width 0.25) (layer F.Cu) (net 3))
  (segment (start 158.535001 91.225001) (end 159.385 92.075) (width 0.25) (layer F.Cu) (net 3))
  (segment (start 151.13 89.49) (end 151.359989 89.719989) (width 0.25) (layer F.Cu) (net 3))
  (segment (start 151.13 89.0525) (end 151.13 89.49) (width 0.25) (layer F.Cu) (net 3))
  (segment (start 151.359989 89.719989) (end 157.029989 89.719989) (width 0.25) (layer F.Cu) (net 3))
  (segment (start 140.615 91.1055) (end 142.165 91.1055) (width 0.25) (layer F.Cu) (net 4))
  (segment (start 140.089999 90.580499) (end 140.615 91.1055) (width 0.25) (layer F.Cu) (net 4))
  (segment (start 130.789999 90.580499) (end 140.089999 90.580499) (width 0.25) (layer F.Cu) (net 4))
  (segment (start 127.965 87.7555) (end 130.789999 90.580499) (width 0.25) (layer F.Cu) (net 4))
  (segment (start 127.965 87.7055) (end 127.965 87.7555) (width 0.25) (layer F.Cu) (net 4))
  (segment (start 142.165 90.245) (end 142.165 91.1055) (width 0.25) (layer F.Cu) (net 4))
  (via (at 141.605 88.9) (size 0.8) (drill 0.4) (layers F.Cu B.Cu) (net 4))
  (segment (start 142.8675 88.9) (end 141.605 88.9) (width 0.25) (layer B.Cu) (net 4))
  (segment (start 143.6625 87.63) (end 143.6625 88.105) (width 0.25) (layer B.Cu) (net 4))
  (segment (start 143.6625 88.105) (end 142.8675 88.9) (width 0.25) (layer B.Cu) (net 4))
  (segment (start 141.605 90.5455) (end 142.165 91.1055) (width 0.25) (layer F.Cu) (net 4))
  (segment (start 141.605 88.9) (end 141.605 90.5455) (width 0.25) (layer F.Cu) (net 4))
  (segment (start 130.7405 87.63) (end 130.665 87.7055) (width 0.25) (layer F.Cu) (net 5))
  (segment (start 133.35 87.63) (end 130.7405 87.63) (width 0.25) (layer F.Cu) (net 5))
  (via (at 138.43 87.63) (size 0.8) (drill 0.4) (layers F.Cu B.Cu) (net 5))
  (segment (start 142.24 87.63) (end 138.43 87.63) (width 0.25) (layer F.Cu) (net 5))
  (segment (start 142.0875 87.63) (end 138.43 87.63) (width 0.25) (layer B.Cu) (net 5))
  (segment (start 133.35 87.63) (end 138.43 87.63) (width 0.25) (layer F.Cu) (net 5))
  (segment (start 146.05 85.8775) (end 146.05 87.4775) (width 0.25) (layer F.Cu) (net 5))
  (segment (start 145.575 87.4775) (end 145.4225 87.63) (width 0.25) (layer F.Cu) (net 5))
  (segment (start 146.05 87.4775) (end 145.575 87.4775) (width 0.25) (layer F.Cu) (net 5))
  (segment (start 145.4225 87.63) (end 141.605 87.63) (width 0.25) (layer F.Cu) (net 5))
  (segment (start 148.59 87.4775) (end 148.59 85.8775) (width 0.25) (layer F.Cu) (net 6))
  (segment (start 143.87998 89.978526) (end 145.618496 88.24001) (width 0.25) (layer F.Cu) (net 6))
  (segment (start 148.59 87.915) (end 148.59 87.4775) (width 0.25) (layer F.Cu) (net 6))
  (segment (start 143.87998 92.625522) (end 143.87998 89.978526) (width 0.25) (layer F.Cu) (net 6))
  (segment (start 145.618496 88.24001) (end 148.26499 88.24001) (width 0.25) (layer F.Cu) (net 6))
  (segment (start 148.26499 88.24001) (end 148.59 87.915) (width 0.25) (layer F.Cu) (net 6))
  (segment (start 138.065 95.8055) (end 140.700002 95.8055) (width 0.25) (layer F.Cu) (net 6))
  (segment (start 140.700002 95.8055) (end 143.87998 92.625522) (width 0.25) (layer F.Cu) (net 6))
  (via (at 128.905 93.345) (size 0.8) (drill 0.4) (layers F.Cu B.Cu) (net 7))
  (segment (start 128.905 95.6655) (end 128.765 95.8055) (width 0.25) (layer F.Cu) (net 7))
  (segment (start 128.905 93.345) (end 128.905 95.6655) (width 0.25) (layer F.Cu) (net 7))
  (segment (start 151.13 85.8775) (end 151.13 87.4775) (width 0.25) (layer F.Cu) (net 7))
  (via (at 149.86 88.265) (size 0.8) (drill 0.4) (layers F.Cu B.Cu) (net 7))
  (segment (start 151.13 87.4775) (end 150.6475 87.4775) (width 0.25) (layer F.Cu) (net 7))
  (segment (start 150.6475 87.4775) (end 149.86 88.265) (width 0.25) (layer F.Cu) (net 7))
  (segment (start 139.7 95.25) (end 130.81 95.25) (width 0.25) (layer B.Cu) (net 7))
  (segment (start 144.964991 89.985009) (end 139.7 95.25) (width 0.25) (layer B.Cu) (net 7))
  (segment (start 129.304999 93.744999) (end 128.905 93.345) (width 0.25) (layer B.Cu) (net 7))
  (segment (start 130.81 95.25) (end 129.304999 93.744999) (width 0.25) (layer B.Cu) (net 7))
  (segment (start 144.964991 89.983599) (end 144.964991 89.985009) (width 0.25) (layer B.Cu) (net 7))
  (segment (start 146.68359 88.265) (end 144.964991 89.983599) (width 0.25) (layer B.Cu) (net 7))
  (segment (start 149.86 88.265) (end 146.68359 88.265) (width 0.25) (layer B.Cu) (net 7))
  (segment (start 159.385 86.927081) (end 159.385 88.265) (width 0.25) (layer F.Cu) (net 8))
  (segment (start 159.385 85.725) (end 159.385 86.927081) (width 0.25) (layer F.Cu) (net 8))
  (segment (start 157.9625 84.3025) (end 158.75 85.09) (width 0.25) (layer F.Cu) (net 8))
  (segment (start 151.13 84.3025) (end 157.9625 84.3025) (width 0.25) (layer F.Cu) (net 8))
  (segment (start 158.75 85.09) (end 159.385 85.725) (width 0.25) (layer F.Cu) (net 8))
  (segment (start 156.845 85.725) (end 156.845 88.265) (width 0.25) (layer F.Cu) (net 9))
  (segment (start 156.845 85.725) (end 155.575 86.995) (width 0.25) (layer B.Cu) (net 9))
  (segment (start 155.575 86.995) (end 152.4 86.995) (width 0.25) (layer B.Cu) (net 9))
  (via (at 149.86 84.455) (size 0.8) (drill 0.4) (layers F.Cu B.Cu) (net 9))
  (segment (start 152.4 86.995) (end 149.86 84.455) (width 0.25) (layer B.Cu) (net 9))
  (segment (start 148.7425 84.455) (end 148.59 84.3025) (width 0.25) (layer F.Cu) (net 9))
  (segment (start 149.86 84.455) (end 148.7425 84.455) (width 0.25) (layer F.Cu) (net 9))
  (segment (start 154.305 86.927081) (end 154.305 88.265) (width 0.25) (layer F.Cu) (net 10))
  (segment (start 154.305 85.725) (end 154.305 86.927081) (width 0.25) (layer F.Cu) (net 10))
  (segment (start 149.511999 85.180001) (end 150.208001 85.180001) (width 0.25) (layer F.Cu) (net 10))
  (segment (start 146.05 84.3025) (end 146.05 84.74) (width 0.25) (layer F.Cu) (net 10))
  (segment (start 152.492909 85.11499) (end 153.102919 85.725) (width 0.25) (layer F.Cu) (net 10))
  (segment (start 146.05 84.74) (end 146.42499 85.11499) (width 0.25) (layer F.Cu) (net 10))
  (segment (start 150.208001 85.180001) (end 150.273012 85.11499) (width 0.25) (layer F.Cu) (net 10))
  (segment (start 146.42499 85.11499) (end 149.446988 85.11499) (width 0.25) (layer F.Cu) (net 10))
  (segment (start 153.102919 85.725) (end 154.305 85.725) (width 0.25) (layer F.Cu) (net 10))
  (segment (start 150.273012 85.11499) (end 152.492909 85.11499) (width 0.25) (layer F.Cu) (net 10))
  (segment (start 149.446988 85.11499) (end 149.511999 85.180001) (width 0.25) (layer F.Cu) (net 10))

)
